% -------------------------------------------------------------------
%  Generated by MATLAB on 4-Jul-2020 17:36:06
%  MATLAB version: 9.6.0.1072779 (R2019a)
% -------------------------------------------------------------------
                                      

Lu = 200;

Lv = 200;

Lw = 50;

W_vao = 2;

sigma_u = 1.06;

sigma_v = 1.06;

sigma_w = 0.7;

wd = 0;

we = 0.5;

wn = 2;

